function [u1, u2, u3, u4, u5, u6 u7, u8, u9, u10, u11, u12, u13, u14, u15, u16, u17, u18, u19, u20, u21, u22, u23, u24, u25, u26, u27, u28, u29, u30, U] = load_verts_idd_twa()
% 12 Vertices of the Icosahedron 
Q = 0.5*(1 + sqrt(5));

u1  = 0.5*[   Q; Q^2;   1];
u2  = 0.5*[ Q^2;   1;   Q];
u3  =     [   Q;   0;   0];
u4  = 0.5*[ Q^2;   1;  -Q];
u5  = 0.5*[   Q; Q^2;  -1];
u6  =     [   0;   Q;   0];
u7  = 0.5*[   1;   Q; Q^2];
u8  = 0.5*[ Q^2;  -1;   Q];
u9  = 0.5*[ Q^2;  -1;  -Q];
u10 = 0.5*[   1;   Q;-Q^2];
u11 = 0.5*[  -Q; Q^2;  -1];
u12 = 0.5*[  -Q; Q^2;   1];
u13 = 0.5*[  -1;   Q; Q^2];
u14 =     [   0;   0;   Q];
u15 = 0.5*[   1;  -Q; Q^2];
u16 = 0.5*[   Q;-Q^2;   1];
u17 = 0.5*[   Q;-Q^2;  -1];
u18 = 0.5*[   1;  -Q;-Q^2];
u19 =     [   0;   0;  -Q];
u20 = 0.5*[  -1;   Q;-Q^2];
u21 = 0.5*[-Q^2;   1;  -Q];
u22 = 0.5*[-Q^2;   1;   Q];
u23 = 0.5*[  -1;  -Q; Q^2];
u24 =     [   0;  -Q;   0];
u25 = 0.5*[  -1;  -Q;-Q^2];
u26 = 0.5*[-Q^2;  -1;  -Q];
u27 =     [  -Q;   0;   0];
u28 = 0.5*[-Q^2;  -1;   Q];
u29 = 0.5*[  -Q;-Q^2;   1];
u30 = 0.5*[  -Q;-Q^2;  -1];

U = [u1, u2, u3, u4, u5, u6, u7, u8, u9, u10, u11, u12, u13, u14, u15, u16, u17, u18, u19, u20, u21, u22, u23, u24, u25, u26, u27, u28, u29, u30];